202300018015,0001,85,良好
202301022047,0003,78,及格
202001020074,0002,70,及格
202001009056,0001,88,良好
202000011085,0002,95,优秀
202301004031,0001,60,及格
202300012012,0002,79,及格
202300010043,0003,45,不及格
202201015065,0002,87,良好
202201019028,0001,93,优秀
202300017096,0002,68,及格
202300013021,0001,76,良好
202301006058,0003,82,良好
202300014080,0001,98,优秀
202301008045,0002,72,及格
202300015036,0001,55,不及格
202201003069,0002,91,优秀
202200019014,0001,80,良好
202300053025,0002,65,不及格
202300018015,0002,97.0,优秀
202300054034,0002,99.0,优秀
202300054034,0003,99.0,优秀
